8 0.690755 0.827881 0.311198 0.088379
3 0.536784 0.960938 0.041016 0.026367
1 0.690104 0.688965 0.062500 0.115234
9 0.694336 0.690674 0.013672 0.040527
1 0.579102 0.559570 0.063151 0.040039
6 0.498047 0.394043 0.061198 0.042969
1 0.358398 0.482422 0.149089 0.105469
1 0.148763 0.531982 0.073568 0.037598
9 0.200846 0.418213 0.059245 0.040527
1 0.321615 0.191406 0.074219 0.038086
1 0.704427 0.505859 0.055990 0.024414
9 0.692708 0.901611 0.036458 0.020020
1 0.582357 0.732666 0.068359 0.034668
1 0.135417 0.135742 0.014323 0.017578
