6 0.957167 0.167625 0.032333 0.013750
6 0.932500 0.184750 0.061000 0.021000
6 0.856333 0.218250 0.040667 0.029500
6 0.823500 0.241375 0.068333 0.060250
6 0.671333 0.391875 0.050000 0.033750
6 0.650167 0.462250 0.065667 0.065500
6 0.603500 0.434625 0.111667 0.055250
6 0.665500 0.438750 0.074333 0.034500
6 0.472500 0.474750 0.096333 0.067500
6 0.447000 0.401000 0.087333 0.045500
6 0.439500 0.360625 0.069667 0.060750
6 0.336000 0.403125 0.155333 0.103750
6 0.234167 0.618375 0.123000 0.087250
6 0.235333 0.558250 0.082667 0.049500
6 0.311500 0.672875 0.075000 0.070250
6 0.529333 0.699250 0.136000 0.091500
6 0.526167 0.602000 0.189667 0.160000
6 0.561500 0.498000 0.047000 0.062500
6 0.631667 0.534250 0.058000 0.052000
1 0.527000 0.455500 0.044667 0.035500
6 0.400000 0.683500 0.118667 0.092000
6 0.399167 0.654375 0.109000 0.055750
6 0.540833 0.784375 0.119667 0.060250
6 0.436500 0.615250 0.073000 0.067000
6 0.484167 0.604750 0.081000 0.077000
6 0.355500 0.593875 0.115667 0.060750
6 0.177833 0.699250 0.065000 0.057500
6 0.250500 0.783625 0.069000 0.036750
6 0.288333 0.806625 0.065333 0.061250
6 0.428167 0.751250 0.155667 0.099000
2 0.193000 0.514375 0.059333 0.070750
6 0.268333 0.479000 0.083333 0.029500
6 0.254833 0.326875 0.048333 0.022250
6 0.173333 0.922250 0.038000 0.029500
6 0.518500 0.622625 0.043000 0.046750
6 0.364833 0.532000 0.029667 0.022500
6 0.327333 0.563375 0.026667 0.027750
6 0.296500 0.594250 0.028333 0.027500
