9 0.414491 0.194371 0.166332 0.064194
3 0.474063 0.503294 0.156961 0.086785
1 0.102577 0.387989 0.071954 0.038404
1 0.969378 0.312594 0.021084 0.004706
1 0.909137 0.402391 0.019746 0.016378
1 0.914826 0.453596 0.023762 0.014119
1 0.978079 0.543110 0.041834 0.007530
1 0.986111 0.595915 0.024431 0.013742
1 0.924364 0.577843 0.027443 0.012236
1 0.910475 0.706419 0.055221 0.016378
1 0.857262 0.938065 0.013722 0.010166
1 0.550535 0.892978 0.038822 0.022779
1 0.472222 0.774944 0.004016 0.009601
1 0.504853 0.852127 0.009705 0.008848
1 0.323126 0.889495 0.025770 0.014684
1 0.343206 0.893825 0.012383 0.015813
1 0.058233 0.230892 0.022758 0.017508
1 0.044846 0.244447 0.020750 0.021273
1 0.744143 0.496611 0.038487 0.029367
1 0.763220 0.613611 0.019746 0.023532
1 0.803046 0.589703 0.027108 0.020896
1 0.625000 0.595538 0.026439 0.023532
1 0.636714 0.628671 0.023092 0.012989
1 0.382697 0.564853 0.014391 0.016755
1 0.414659 0.453784 0.037483 0.017884
1 0.545181 0.165286 0.038822 0.010542
1 0.118307 0.441453 0.015730 0.005648
